1.000000000000000000e+00 5.352476797222222871e+01
2.000000000000000000e+00 1.009780919444444436e+01
3.000000000000000000e+00 5.265909466666665395e+01
4.000000000000000000e+00 5.411887072222221917e+01
5.000000000000000000e+00 7.727823222222222732e+00
6.000000000000000000e+00 6.418990833333333867e+00
7.000000000000000000e+00 7.279168638888886989e+00
8.000000000000000000e+00 6.555142333333331628e+00
9.000000000000000000e+00 6.842575111111110608e+00
1.000000000000000000e+01 1.099239261111110899e+01
1.100000000000000000e+01 8.921948999999999685e+00
1.200000000000000000e+01 6.632939666666667122e+00
1.300000000000000000e+01 7.768592722222219749e+00
1.400000000000000000e+01 7.765185166666666916e+00
1.500000000000000000e+01 9.733248194444444223e+00
1.600000000000000000e+01 1.541674055555555256e+01
1.700000000000000000e+01 8.351648055555557448e+00
1.800000000000000000e+01 1.036272944444444377e+01
1.900000000000000000e+01 7.397918833333331001e+00
2.000000000000000000e+01 7.783706444444444372e+00
2.100000000000000000e+01 9.738657555555555234e+00
2.200000000000000000e+01 1.037260274999999865e+01
2.300000000000000000e+01 1.348867583333333187e+01
2.400000000000000000e+01 1.700161427777778655e+01
2.500000000000000000e+01 1.791816266666666380e+01
2.600000000000000000e+01 1.826976838888888466e+01
2.700000000000000000e+01 1.435664911111111230e+01
2.800000000000000000e+01 6.722686416666667775e+00
2.900000000000000000e+01 7.830888249999999218e+00
3.000000000000000000e+01 6.426162916666666725e+00
3.100000000000000000e+01 7.161623666666666388e+00
3.200000000000000000e+01 9.938315305555553536e+00
3.300000000000000000e+01 1.141460586111111297e+01
3.400000000000000000e+01 5.960473638888888814e+00
3.500000000000000000e+01 7.511507666666665806e+00
3.600000000000000000e+01 5.798954388888889255e+00
3.700000000000000000e+01 6.615354277777777625e+00
3.800000000000000000e+01 7.775078833333332717e+00
3.900000000000000000e+01 9.409457222222220807e+00
4.000000000000000000e+01 2.442047191666666706e+01
4.100000000000000000e+01 3.099445863888888653e+01
4.200000000000000000e+01 2.383096188888888634e+01
4.300000000000000000e+01 3.197171716666666086e+01
4.400000000000000000e+01 2.420622236111110581e+01
4.500000000000000000e+01 6.980564027777775848e+00
4.600000000000000000e+01 1.262607430555555865e+01
4.700000000000000000e+01 5.577129666666666985e+00
4.800000000000000000e+01 6.176931111111112926e+00
4.900000000000000000e+01 7.741463750000000310e+00
5.000000000000000000e+01 6.196856944444444792e+00
5.100000000000000000e+01 8.667228333333333978e+00
5.200000000000000000e+01 5.861858416666666294e+00
5.300000000000000000e+01 7.280975194444445187e+00
5.400000000000000000e+01 1.065709947222222098e+01
5.500000000000000000e+01 2.772993447222222585e+01
5.600000000000000000e+01 2.746562352777777249e+01
5.700000000000000000e+01 8.272137277777776632e+00
5.800000000000000000e+01 1.163913102777777375e+01
5.900000000000000000e+01 9.161820750000000402e+00
6.000000000000000000e+01 1.079574455555555623e+01
6.100000000000000000e+01 1.784544338888888859e+01
6.200000000000000000e+01 1.534021374999999665e+01
6.300000000000000000e+01 1.049232783333333074e+01
6.400000000000000000e+01 2.493776763888888581e+01
6.500000000000000000e+01 2.489879233333333275e+01
6.600000000000000000e+01 3.360241088888889749e+01
6.700000000000000000e+01 5.183006697222222670e+01
6.800000000000000000e+01 1.143176805555555831e+01
6.900000000000000000e+01 5.048103683333333436e+01
7.000000000000000000e+01 5.247849952777777816e+01
7.100000000000000000e+01 9.552352111111110489e+00
7.200000000000000000e+01 7.383791972222223166e+00
7.300000000000000000e+01 7.864777416666667520e+00
7.400000000000000000e+01 7.142941749999999423e+00
7.500000000000000000e+01 6.635837972222223158e+00
7.600000000000000000e+01 9.186372749999996756e+00
7.700000000000000000e+01 9.485011972222221033e+00
7.800000000000000000e+01 5.602017972222222753e+00
7.900000000000000000e+01 6.935434444444444679e+00
8.000000000000000000e+01 5.452229499999999618e+00
8.100000000000000000e+01 5.961618722222222999e+00
8.200000000000000000e+01 8.362756583333334603e+00
8.300000000000000000e+01 5.588169222222222565e+00
8.400000000000000000e+01 7.092202944444444768e+00
8.500000000000000000e+01 5.388054444444445146e+00
8.600000000000000000e+01 5.650313444444445388e+00
8.700000000000000000e+01 6.731319194444444598e+00
8.800000000000000000e+01 6.741959111111112790e+00
8.900000000000000000e+01 1.557411713888888727e+01
9.000000000000000000e+01 1.760890358333333694e+01
9.100000000000000000e+01 1.154092880555555567e+01
9.200000000000000000e+01 1.896634061111110725e+01
9.300000000000000000e+01 1.641788697222222027e+01
9.400000000000000000e+01 5.405039305555556339e+00
9.500000000000000000e+01 6.633412750000001523e+00
9.600000000000000000e+01 5.384152944444444699e+00
9.700000000000000000e+01 5.770370333333332269e+00
9.800000000000000000e+01 8.257614861111115090e+00
9.900000000000000000e+01 7.772060055555556346e+00
1.000000000000000000e+02 5.976631499999999875e+00
1.010000000000000000e+02 6.760744444444444667e+00
1.020000000000000000e+02 7.915900166666667737e+00
1.030000000000000000e+02 1.047297708333333510e+01
1.040000000000000000e+02 1.267406133333333429e+01
1.050000000000000000e+02 1.373372666666666930e+01
1.060000000000000000e+02 2.130175288888888474e+01
1.070000000000000000e+02 2.581566797222221865e+01
1.080000000000000000e+02 2.197454338888888614e+01
1.090000000000000000e+02 2.021786863888889840e+01
1.100000000000000000e+02 1.656337175000000173e+01
1.110000000000000000e+02 1.163911219444444711e+01
1.120000000000000000e+02 1.620336938888888767e+01
1.130000000000000000e+02 1.114102974999999951e+01
1.140000000000000000e+02 1.321491594444444218e+01
1.150000000000000000e+02 1.558199677777778014e+01
1.160000000000000000e+02 1.184637508333333500e+01
1.170000000000000000e+02 1.676605241666667112e+01
1.180000000000000000e+02 8.899346111111112734e+00
1.190000000000000000e+02 9.162600277777778857e+00
1.200000000000000000e+02 1.210424916666666562e+01
1.210000000000000000e+02 2.885601219444444254e+01
1.220000000000000000e+02 3.714365136111111809e+01
1.230000000000000000e+02 1.054422322222222164e+01
1.240000000000000000e+02 1.567717327777777747e+01
1.250000000000000000e+02 1.218180016666666887e+01
1.260000000000000000e+02 1.525868594444444426e+01
1.270000000000000000e+02 4.209982794444444920e+01
1.280000000000000000e+02 3.730125258333332994e+01
1.290000000000000000e+02 1.901261452777777805e+01
1.300000000000000000e+02 5.589037391666667531e+01
1.310000000000000000e+02 4.327883786111111419e+01
1.320000000000000000e+02 8.219695086111111948e+01
