1.000000000000000000e+00 4.933308449999999823e+01
2.000000000000000000e+00 8.746167083333331149e+00
3.000000000000000000e+00 4.885774405555557109e+01
4.000000000000000000e+00 5.058325872222221875e+01
5.000000000000000000e+00 6.768368499999999344e+00
6.000000000000000000e+00 5.616526861111111657e+00
7.000000000000000000e+00 6.410514138888889768e+00
8.000000000000000000e+00 5.821758805555556471e+00
9.000000000000000000e+00 6.057169833333333919e+00
1.000000000000000000e+01 9.800140833333335522e+00
1.100000000000000000e+01 8.133449361111111386e+00
1.200000000000000000e+01 5.732351861111112612e+00
1.300000000000000000e+01 6.844348861111111404e+00
1.400000000000000000e+01 6.629899527777777024e+00
1.500000000000000000e+01 8.223094027777779758e+00
1.600000000000000000e+01 1.319971988888888781e+01
1.700000000000000000e+01 6.980949027777777260e+00
1.800000000000000000e+01 8.841799999999999216e+00
1.900000000000000000e+01 6.142715055555553860e+00
2.000000000000000000e+01 6.417265916666664793e+00
2.100000000000000000e+01 8.090793388888890547e+00
2.200000000000000000e+01 8.534414611111110105e+00
2.300000000000000000e+01 1.123732908333333214e+01
2.400000000000000000e+01 1.426533072222222387e+01
2.500000000000000000e+01 1.517360091666666122e+01
2.600000000000000000e+01 1.565451666666666597e+01
2.700000000000000000e+01 1.216126961111110560e+01
2.800000000000000000e+01 5.560550555555557217e+00
2.900000000000000000e+01 6.651985277777779260e+00
3.000000000000000000e+01 5.308357861111112186e+00
3.100000000000000000e+01 5.895034500000000399e+00
3.200000000000000000e+01 8.286970361111109185e+00
3.300000000000000000e+01 9.574382611111111885e+00
3.400000000000000000e+01 4.913829944444443321e+00
3.500000000000000000e+01 6.280172361111111989e+00
3.600000000000000000e+01 4.891188249999999016e+00
3.700000000000000000e+01 5.577397222222221451e+00
3.800000000000000000e+01 6.634481250000000330e+00
3.900000000000000000e+01 7.991848194444445497e+00
4.000000000000000000e+01 2.099147372222221719e+01
4.100000000000000000e+01 2.710366866666666397e+01
4.200000000000000000e+01 2.079596699999999743e+01
4.300000000000000000e+01 2.746578158333332809e+01
4.400000000000000000e+01 2.085665219444444674e+01
4.500000000000000000e+01 5.965381166666666068e+00
4.600000000000000000e+01 1.077001847222222075e+01
4.700000000000000000e+01 4.944907166666668630e+00
4.800000000000000000e+01 5.551074694444443125e+00
4.900000000000000000e+01 7.036209583333334017e+00
5.000000000000000000e+01 5.547835638888887644e+00
5.100000000000000000e+01 7.911767222222222173e+00
5.200000000000000000e+01 5.137567444444444575e+00
5.300000000000000000e+01 6.280766805555554555e+00
5.400000000000000000e+01 9.269969861111112763e+00
5.500000000000000000e+01 2.042979263888889108e+01
5.600000000000000000e+01 2.224566199999999583e+01
5.700000000000000000e+01 7.174292000000000336e+00
5.800000000000000000e+01 1.007463308333333174e+01
5.900000000000000000e+01 8.036604944444444953e+00
6.000000000000000000e+01 9.393561250000001195e+00
6.100000000000000000e+01 1.526027916666667039e+01
6.200000000000000000e+01 1.297481266666666677e+01
6.300000000000000000e+01 9.466187638888888145e+00
6.400000000000000000e+01 2.234391644444444580e+01
6.500000000000000000e+01 2.105680783333333395e+01
6.600000000000000000e+01 2.851559341666666825e+01
6.700000000000000000e+01 4.799558974999999350e+01
6.800000000000000000e+01 1.018181894444444424e+01
6.900000000000000000e+01 4.752934044444444339e+01
7.000000000000000000e+01 4.826381238888888703e+01
7.100000000000000000e+01 8.468315416666664319e+00
7.200000000000000000e+01 6.464569361111109913e+00
7.300000000000000000e+01 6.944453249999999578e+00
7.400000000000000000e+01 6.242680111111110541e+00
7.500000000000000000e+01 5.784360833333333396e+00
7.600000000000000000e+01 8.093101249999998359e+00
7.700000000000000000e+01 8.558758194444443745e+00
7.800000000000000000e+01 4.816378222222223116e+00
7.900000000000000000e+01 6.170813277777777550e+00
8.000000000000000000e+01 4.576585750000000452e+00
8.100000000000000000e+01 4.938293555555554271e+00
8.200000000000000000e+01 7.080777888888889038e+00
8.300000000000000000e+01 4.550807166666667847e+00
8.400000000000000000e+01 5.889619527777778529e+00
8.500000000000000000e+01 4.379039916666666699e+00
8.600000000000000000e+01 4.540692750000000721e+00
8.700000000000000000e+01 5.494309416666667722e+00
8.800000000000000000e+01 5.535958972222221774e+00
8.900000000000000000e+01 1.228563805555555888e+01
9.000000000000000000e+01 1.426887602777777353e+01
9.100000000000000000e+01 1.014093358333333406e+01
9.200000000000000000e+01 1.585558661111110723e+01
9.300000000000000000e+01 1.344377933333333353e+01
9.400000000000000000e+01 4.426042694444444869e+00
9.500000000000000000e+01 5.578516722222222946e+00
9.600000000000000000e+01 4.489952194444445155e+00
9.700000000000000000e+01 4.927918861111110438e+00
9.800000000000000000e+01 7.150579777777776869e+00
9.900000000000000000e+01 6.895916111111111135e+00
1.000000000000000000e+02 5.007350083333334645e+00
1.010000000000000000e+02 5.854538638888888258e+00
1.020000000000000000e+02 6.455867805555553396e+00
1.030000000000000000e+02 8.465152444444441926e+00
1.040000000000000000e+02 1.023562094444444348e+01
1.050000000000000000e+02 1.106426494444444408e+01
1.060000000000000000e+02 1.660308263888888902e+01
1.070000000000000000e+02 2.027516858333333261e+01
1.080000000000000000e+02 1.814761024999999961e+01
1.090000000000000000e+02 1.693028475000000199e+01
1.100000000000000000e+02 1.361311591666666843e+01
1.110000000000000000e+02 9.453938222222221910e+00
1.120000000000000000e+02 1.353167358333332970e+01
1.130000000000000000e+02 9.043631249999997124e+00
1.140000000000000000e+02 1.071772602777777905e+01
1.150000000000000000e+02 1.282173033333333478e+01
1.160000000000000000e+02 9.724021944444444898e+00
1.170000000000000000e+02 1.391381772222222324e+01
1.180000000000000000e+02 7.439297277777778383e+00
1.190000000000000000e+02 7.761795250000001367e+00
1.200000000000000000e+02 1.012480247222222296e+01
1.210000000000000000e+02 2.203199088888889889e+01
1.220000000000000000e+02 2.657999866666666833e+01
1.230000000000000000e+02 8.975724861111110897e+00
1.240000000000000000e+02 1.375389691666666891e+01
1.250000000000000000e+02 1.055008019444444578e+01
1.260000000000000000e+02 1.327170252777777826e+01
1.270000000000000000e+02 3.866322586111110127e+01
1.280000000000000000e+02 3.355451705555555009e+01
1.290000000000000000e+02 1.746310122222222105e+01
1.300000000000000000e+02 5.167518833333332395e+01
1.310000000000000000e+02 3.912162886111110538e+01
1.320000000000000000e+02 7.601021380555556561e+01
